% initals data
x0 = [48.833 60.161 95.407 143.239 165.897 189.813 225.058 272.891 319.465 354.710 361.004 378.626 372.333 389.955 401.284 418.907 436.529];
y0 = [3112.3 3063.2 2979.2 2881.0 2800.7 2743.1 2658.2 2533.5 2413.6 2497.6 2595.8 2712.0 2761.1 2836.6 2920.7 3018.9 3072.7];
x1 = [183.52 218.76 255.27 277.93 284.22 313.17 348.42 383.66];
y1 = [2756.4 2756.4 2761.1 2761.1 2756.4 2751.6 2751.6 2746.9];
x2 = [649.26 607.72 601.43 596.39 607.72 625.34 649.26 666.88 702.13 731.08 761.29 807.86];
y2 = [2484.4 2502.3 2556.2 2613.8 2680.8 2746.9 2823.4 2885.7 2948.0 2983.9 3018.9 3018.9];
x3 = [796.53 783.95 766.32 743.67 713.46 673.18 625.34 607.72 601.43 631.64 649.26 673.18 690.80 708.42 713.46 690.80 649.26];
y3 = [2876.3 2912.2 2938.6 2969.8 3000.9 3032.1 3018.9 2974.5 2912.2 2854.6 2809.2 2761.1 2694.0 2640.2 2569.4 2520.3 2484.4];
x4 = [1120.03 1120.03 1060.87 979.05 913.60 895.97 890.94 926.18 1014.30 1137.66 1225.77];
y4 = [2559.9 2484.4 2461.7 2515.6 2618.5 2733.7 2849.8 2956.5 3018.9 3000.9 2969.8];

% hand data
x5 = [506.073099415205 487.640350877193 450.77485380117 432.342105263158 404.692982456141 404.692982456141 432.342105263158 450.77485380117 459.991228070176 496.856725146199 552.154970760234 625.885964912281 616.669590643275 607.453216374269 607.453216374269 607.453216374269 616.669590643275 616.669590643275 598.236842105263];
x5 = [506.07 487.64 450.77 432.34 404.69 404.69 432.34 450.77 459.99 496.86 552.15 625.89 616.67 607.45 607.45 607.45 616.67 616.67 598.24];
y5 = [2364.5 2290.76900584795 2134.09064327485 2005.06140350877 1829.95029239766 1654.83918128655 1479.72807017544 1240.10233918129 1037.34210526316 853.01461988304 779.283625730994 834.581871345029 991.260233918128 1064.99122807018 1147.93859649123 1221.66959064327 1359.91520467836 1433.64619883041 1479.72807017544];
x6 = [598.236842105263 607.453216374269 625.885964912281 644.318713450293 644.318713450293 644.318713450293 635.102339181287 635.102339181287 635.102339181287 644.318713450293 635.102339181287 644.318713450293 635.102339181287 635.102339181287 625.885964912281 671.96783625731 736.482456140351 800.997076023392 810.213450292398 819.429824561404 828.64619883041 837.862573099415 847.078947368421 837.862573099415 819.429824561404 819.429824561404];
y6 = [1479.72807017544 1479.72807017544 1442.86257309941 1405.99707602339 1286.18421052632 1258.5350877193 1184.80409356725 1101.8567251462 1018.90935672515 991.260233918128 908.312865497076 806.932748538011 733.201754385964 604.172514619882 512.008771929824 438.277777777777 438.277777777777 548.874269005848 641.038011695906 742.41812865497 862.230994152046 972.827485380116 1120.28947368421 1212.45321637427 1267.7514619883 1313.83333333333];
x7 = [819.429824561404 828.64619883041 883.944444444445 874.728070175439 865.511695906433 865.511695906433 865.511695906433 893.160818713451 893.160818713451 902.377192982457 902.377192982457 985.324561403509 1077.48830409357 1086.70467836257 1095.92105263158 1086.70467836257 1086.70467836257 1068.27192982456 1049.83918128655 1040.62280701754 1040.62280701754];
y7 = [1313.83333333333 1332.26608187134 1286.18421052632 1194.02046783626 1074.20760233918 972.827485380116 889.880116959064 797.716374269005 677.903508771929 484.359649122806 364.54678362573 290.815789473684 346.114035087719 465.926900584795 548.874269005848 696.336257309941 889.880116959064 1064.99122807018 1147.93859649123 1249.31871345029 1258.5350877193];
x8 = [1040.62280701754 1084.8 1102.4 1102.4 1089.8 1155.3 1161.6 1190.5 1237.1 1307.6 1344.1 1361.7 1344.1 1344.1 1313.9 1320.2 1320.2 1337.8 1384.4];
y8 = [1258.5350877193 1294.64 1209.65 1063.29 911.27 822.51 657.26 492.96 385.31 403.26 496.74 661.98 781.90 986.81 1129.39 1304.08 1522.20 1686.51 1820.59];
x9 = [1384.4 1402.0 1414.6 1437.2 1437.2 1461.2 1537.9 1590.8 1619.8 1672.6 1685.2 1685.2 1667.6 1650.0 1637.4 1619.8 1590.8 1537.9 1443.5 1419.6 1313.9];
y9 = [1820.59 1797.9 1678.0 1611.0 1509.0 1419.3 1304.1 1268.2 1240.8 1294.6 1352.2 1504.3 1615.7 1704.4 1811.1 1967.9 2105.8 2261.6 2448.5 2479.7 2573.2];
axis_dim = [1 1942 -3152 1];
