x0 = [48.833 60.161 95.407 143.239 165.897 189.813 225.058 272.891 319.465 354.710 361.004 378.626 372.333 389.955 401.284 418.907 436.529];
y0 = [3112.3 3063.2 2979.2 2881.0 2800.7 2743.1 2658.2 2533.5 2413.6 2497.6 2595.8 2712.0 2761.1 2836.6 2920.7 3018.9 3072.7];
x1 = [183.52 218.76 255.27 277.93 284.22 313.17 348.42 383.66];
y1 = [2756.4 2756.4 2761.1 2761.1 2756.4 2751.6 2751.6 2746.9];
x2 = [649.26 607.72 601.43 596.39 607.72 625.34 649.26 666.88 702.13 731.08 761.29 807.86];
y2 = [2484.4 2502.3 2556.2 2613.8 2680.8 2746.9 2823.4 2885.7 2948.0 2983.9 3018.9 3018.9];
x3 = [796.53 783.95 766.32 743.67 713.46 673.18 625.34 607.72 601.43 631.64 649.26 673.18 690.80 708.42 713.46 690.80 649.26];
y3 = [2876.3 2912.2 2938.6 2969.8 3000.9 3032.1 3018.9 2974.5 2912.2 2854.6 2809.2 2761.1 2694.0 2640.2 2569.4 2520.3 2484.4];
x4 = [1120.03 1120.03 1060.87 979.05 913.60 895.97 890.94 926.18 1014.30 1137.66 1225.77];
y4 = [2559.9 2484.4 2461.7 2515.6 2618.5 2733.7 2849.8 2956.5 3018.9 3000.9 2969.8];
