x0 = [28.689 137.407 228.617 312.497 419.180];
y0 = [747.443 469.321 250.425 44.352 697.070];
x1 = [175.28 213.55 272.59 316.16 363.80];
y1 = [380.17 381.40 384.45 382.92 371.32];
x2 = [647.61 626.84 605.67 596.31 594.27 588.57 592.23 596.31 599.97 603.63 611.37 622.77 632.54 638.25 651.28 668.38 685.48 704.62 723.75 735.16 765.69 788.50 797.86];
y2 = [110.60 117.93 129.22 153.95 181.12 204.33 230.28 258.97 290.72 322.47 361.25 400.32 433.30 463.52 493.74 538.62 573.12 601.82 621.97 633.57 643.64 643.64 643.64]; 
x3 = [647.61 630.51 645.57 661.05 674.08 691.59 700.95 704.62 702.99 708.69 697.29 691.59 679.78 666.75 656.98 641.91 622.77 607.71 594.27 588.57 582.87 594.27 645.57 700.95 735.16 754.29 769.36 773.43 771.40];
y3 = [110.60 114.87 112.13 119.15 132.28 152.43 169.83 195.47 218.67 247.37 270.57 290.72 331.02 358.50 385.67 426.27 454.97 498.02 529.77 565.79 600.29 643.64 653.72 633.57 601.82 567.32 534.04 505.35 466.57];
x4 = [1104.47 1106.51 1100.81 1075.97 1058.87 1018.96 996.16 979.06 957.89 937.12 917.98 893.14 883.78 872.38 868.31 870.34 879.71 889.48 906.58 933.05 974.99 1016.93 1066.60 1115.87 1159.85 1199.75];
y4 = [148.152 126.476 106.326 81.903 73.049 83.124 102.052 120.675 145.099 174.102 207.073 253.173 300.798 348.424 410.399 451.919 489.470 531.295 565.793 607.619 636.316 647.917 650.970 633.569 610.672 588.996];
