% initals data
x0 = [48.833 60.161 95.407 143.239 165.897 189.813 225.058 272.891 319.465 354.710 361.004 378.626 372.333 389.955 401.284 418.907 436.529];
y0 = [3112.3 3063.2 2979.2 2881.0 2800.7 2743.1 2658.2 2533.5 2413.6 2497.6 2595.8 2712.0 2761.1 2836.6 2920.7 3018.9 3072.7];
x1 = [183.52 218.76 255.27 277.93 284.22 313.17 348.42 383.66];
y1 = [2756.4 2756.4 2761.1 2761.1 2756.4 2751.6 2751.6 2746.9];
x2 = [649.26 607.72 601.43 596.39 607.72 625.34 649.26 666.88 702.13 731.08 761.29 807.86];
y2 = [2484.4 2502.3 2556.2 2613.8 2680.8 2746.9 2823.4 2885.7 2948.0 2983.9 3018.9 3018.9];
x3 = [796.53 783.95 766.32 743.67 713.46 673.18 625.34 607.72 601.43 631.64 649.26 673.18 690.80 708.42 713.46 690.80 649.26];
y3 = [2876.3 2912.2 2938.6 2969.8 3000.9 3032.1 3018.9 2974.5 2912.2 2854.6 2809.2 2761.1 2694.0 2640.2 2569.4 2520.3 2484.4];
x4 = [1120.03 1120.03 1060.87 979.05 913.60 895.97 890.94 926.18 1014.30 1137.66 1225.77];
y4 = [2559.9 2484.4 2461.7 2515.6 2618.5 2733.7 2849.8 2956.5 3018.9 3000.9 2969.8];

% hand data
x5 = [506.07 487.64 450.77 432.34 404.69 404.69 432.34 450.77 459.99 496.86 552.15 625.89 616.67 607.45 607.45 607.45 616.67 616.67 598.24];
y5 = [2364.5 2290.8 2134.1 2005.1 1830 1654.8 1479.7 1240.1 1037.3 853.01 779.28 834.58 991.26 1065 1147.9 1221.7 1359.9 1433.6 1479.7];
x6 = [598.24 607.45 625.89 644.32 644.32 644.32 635.1 635.1 635.1 644.32 635.1 644.32 635.1 635.1 625.89 671.97 736.48 801 810.21 819.43 828.65 837.86 847.08 837.86 819.43 819.43];
y6 = [1479.7 1479.7 1442.9 1406 1286.2 1258.5 1184.8 1101.9 1018.9 991.26 908.31 806.93 733.2 604.17 512.01 438.28 438.28 548.87 641.04 742.42 862.23 972.83 1120.3 1212.5 1267.8 1313.8];
x7 = [819.43 828.65 883.94 874.73 865.51 865.51 865.51 893.16 893.16 902.38 902.38 985.32 1077.5 1086.7 1095.9 1086.7 1086.7 1068.3 1049.8 1040.6 1040.6];
y7 = [1313.8 1332.3 1286.2 1194 1074.2 972.83 889.88 797.72 677.9 484.36 364.55 290.82 346.11 465.93 548.87 696.34 889.88 1065 1147.9 1249.3 1258.5];
x8 = [1040.6 1084.8 1102.4 1102.4 1089.8 1155.3 1161.6 1190.5 1237.1 1307.6 1344.1 1361.7 1344.1 1344.1 1313.9 1320.2 1320.2 1337.8 1384.4];
y8 = [1258.5 1294.6 1209.7 1063.3 911.27 822.51 657.26 492.96 385.31 403.26 496.74 661.98 781.9 986.81 1129.4 1304.1 1522.2 1686.5 1820.6];
x9 = [1384.4 1402 1414.6 1437.2 1437.2 1461.2 1537.9 1590.8 1619.8 1672.6 1685.2 1685.2 1667.6 1650 1637.4 1619.8 1590.8 1537.9 1443.5 1419.6 1313.9];
y9 = [1820.6 1797.9 1678 1611 1509 1419.3 1304.1 1268.2 1240.8 1294.6 1352.2 1504.3 1615.7 1704.4 1811.1 1967.9 2105.8 2261.6 2448.5 2479.7 2573.2];
axis_dim = [1 1942 -3152 1];
